Os melhores valores conhecidos para cada instâncias:

Teste 01: 557,44

Teste 02: 537,89

Teste 03: 517,58

Teste 04: 1162,8

Teste 05: 1020,12

Wren 01 : 7856

Wren 02 : 13908

Wren 03 : 13780

Wren 04 : 58161

--

Meus resultados

Teste 01: 557.44
({10, 22, 58, 99, 103, 179, 190, 194, 222}, 557.86)
({194, 261, 103, 178, 179, 58, 187, 156, 222}, 557.44)
({194, 99, 103, 10, 179, 22, 58, 222, 190}, 557.86)
({129, 133, 10, 44, 109, 77, 242, 278, 185, 58}, 594.76)
({129, 133, 10, 44, 109, 77, 242, 278, 185, 58}, 594.76)
({194, 99, 103, 10, 179, 22, 58, 222, 190}, 557.86)
({194, 99, 103, 10, 179, 22, 58, 222, 190}, 557.86)
({194, 99, 103, 10, 179, 22, 58, 222, 190}, 557.86)

Teste 02: 537.89
({386, 325, 7, 434, 61, 471, 251, 189, 62}, 537.89)
({128, 135, 151, 230, 302, 328, 434, 449, 468}, 543.84)
({128, 135, 151, 230, 302, 328, 434, 449, 468}, 543.84)
({128, 135, 151, 230, 302, 328, 434, 449, 468}, 543.84)
({110, 152, 253, 296, 302, 370, 458, 471, 488}, 544.6)
({128, 135, 151, 230, 302, 328, 434, 449, 468}, 543.84)
({128, 135, 151, 230, 302, 328, 434, 449, 468}, 543.84)
({110, 152, 253, 296, 302, 370, 458, 471, 488}, 544.6)

Teste 03: 515.3
({103, 176, 265, 295, 341, 445, 588, 653, 655}, 515.3)
({4, 10, 39, 127, 341, 402, 538, 569, 663}, 517.58)
({4, 10, 39, 127, 341, 402, 538, 569, 663}, 517.58)
({103, 176, 265, 295, 341, 445, 588, 653, 655}, 515.3)
({4, 10, 39, 190, 341, 402, 421, 538, 569}, 517.52)
({295, 103, 265, 588, 653, 655, 176, 341, 445}, 515.3)
({4, 421, 39, 10, 402, 341, 569, 538, 190}, 517.52)
({295, 103, 265, 588, 653, 655, 176, 341, 445}, 515.3)

Teste 04: 1173.7
({41, 46, 74, 76, 79, 194, 197, 206, 211, 226, 244, 245, 253, 267, 287, 316, 326, 334, 468}, 1173.7)
({48, 165, 176, 194, 197, 211, 226, 244, 253, 296, 302, 316, 326, 359, 382, 451, 468, 473, 484}, 1177.52)

Wren 01: 8142.0
({1, 2, 75, 126, 146, 208, 240, 249, 250, 252, 303, 323, 324, 338, 345, 488}, 8142.0)
({1, 2, 75, 126, 145, 208, 240, 241, 249, 250, 303, 323, 324, 332, 345, 456}, 8143.0)

Wren 02: 14096.0
({548, 2094, 2587, 2770, 2791, 2993, 3012, 3847, 4883, 4979, 5001, 5050, 5071, 5074, 5126, 5137, 5142, 5147, 5363, 5389, 5399, 5409, 5426, 5427, 5449, 5459, 5460, 5477, 5481, 5484, 5502, 5503, 5522}, 14096.0)
({165, 1149, 2088, 2420, 3931, 4032, 4979, 4994, 5050, 5054, 5071, 5075, 5089, 5147, 5328, 5369, 5389, 5396, 5399, 5408, 5409, 5426, 5427, 5448, 5449, 5463, 5477, 5481, 5482, 5484, 5500, 5503, 5516, 5522}, 14129.0)
({220, 398, 777, 1146, 1551, 1960, 2088, 2122, 3000, 3527, 4758, 4994, 5050, 5054, 5069, 5071, 5075, 5147, 5247, 5349, 5389, 5408, 5426, 5427, 5448, 5449, 5460, 5476, 5481, 5482, 5502, 5503, 5519, 5522}, 14180.0)
({1874, 2095, 2401, 2770, 2786, 2991, 2992, 3569, 4979, 4990, 5050, 5054, 5071, 5074, 5089, 5147, 5328, 5363, 5399, 5408, 5409, 5426, 5430, 5448, 5449, 5459, 5460, 5476, 5481, 5482, 5484, 5503, 5516, 5522}, 14240.0)
({774, 1155, 2070, 2791, 2993, 3655, 4854, 4979, 5046, 5071, 5076, 5111, 5133, 5142, 5147, 5363, 5370, 5376, 5387, 5389, 5399, 5408, 5409, 5426, 5427, 5452, 5459, 5460, 5477, 5481, 5484, 5503, 5522}, 14143.0)
({115, 176, 544, 1853, 1911, 2415, 2587, 4538, 4750, 4827, 4986, 4993, 5029, 5032, 5046, 5071, 5075, 5086, 5094, 5147, 5270, 5349, 5399, 5408, 5409, 5427, 5449, 5460, 5478, 5484, 5503, 5518}, 14149.0)
({616, 779, 2095, 2587, 2805, 2999, 4024, 4979, 4994, 5040, 5050, 5071, 5075, 5093, 5126, 5317, 5368, 5389, 5396, 5399, 5408, 5409, 5426, 5449, 5459, 5460, 5477, 5481, 5482, 5483, 5484, 5502, 5503, 5522}, 14300.0)
({451, 2185, 2407, 2784, 2789, 4015, 4538, 4838, 4977, 5007, 5029, 5049, 5070, 5074, 5083, 5142, 5147, 5363, 5376, 5389, 5401, 5408, 5427, 5448, 5451, 5459, 5460, 5473, 5476, 5481, 5482, 5484, 5503, 5522}, 14285.0)

Wren 03: 14026.0
({71, 90, 388, 648, 847, 1166, 1401, 1688, 2222, 3371, 3545, 3966, 4104, 4210, 4379, 4478, 4526, 4551, 4568, 4601, 4634, 4650, 4683, 4696, 4862, 4881, 4882, 4901, 4919, 4923, 4936, 4964}, 14181.0)
({236, 644, 1168, 1282, 1957, 2739, 3293, 3580, 3967, 3981, 4104, 4210, 4551, 4563, 4575, 4612, 4634, 4650, 4683, 4696, 4710, 4839, 4862, 4869, 4881, 4882, 4901, 4919, 4921, 4937, 4964, 4969}, 14056.0)
({119, 1401, 1980, 2197, 2223, 2294, 2836, 4182, 4380, 4405, 4506, 4532, 4551, 4575, 4615, 4625, 4633, 4654, 4691, 4695, 4791, 4862, 4885, 4900, 4919, 4923, 4936, 4939, 4965, 4968, 4983}, 14038.0)
({74, 1167, 1692, 2195, 2245, 3356, 3383, 3437, 4453, 4509, 4530, 4551, 4575, 4612, 4634, 4654, 4686, 4696, 4756, 4832, 4862, 4881, 4885, 4900, 4903, 4919, 4920, 4939, 4964, 4965, 4968}, 14221.0)
({74, 413, 1553, 1688, 1939, 2211, 3064, 3299, 3568, 3843, 3981, 4133, 4529, 4551, 4568, 4628, 4634, 4650, 4696, 4791, 4863, 4869, 4881, 4882, 4901, 4919, 4920, 4936, 4937, 4951, 4964, 4965, 4983}, 14026.0)
({644, 1152, 1404, 1570, 1688, 1977, 2245, 2776, 3356, 4190, 4366, 4529, 4551, 4611, 4626, 4634, 4654, 4696, 4839, 4862, 4881, 4882, 4900, 4901, 4919, 4922, 4936, 4943, 4964, 4965, 4969, 4983, 4990}, 14171.0)
({291, 1164, 1401, 1687, 1972, 2202, 2233, 2752, 2905, 3042, 4220, 4503, 4525, 4526, 4533, 4551, 4633, 4643, 4654, 4686, 4696, 4862, 4881, 4883, 4900, 4902, 4919, 4920, 4936, 4937, 4952, 4983}, 14114.0)
({138, 646, 887, 1406, 1760, 2245, 2757, 2824, 3438, 3922, 4380, 4502, 4518, 4551, 4634, 4643, 4651, 4689, 4694, 4696, 4712, 4764, 4869, 4881, 4882, 4900, 4903, 4919, 4936, 4939, 4969, 4983}, 14272.0)

Wren 04: 62585.0
({33, 84, 93, 133, 140, 142, 162, 169, 185, 211, 218, 228, 248, 263, 282, 285, 293, 310, 369, 410, 462, 513, 523, 533, 553, 558, 599, 607, 643, 656, 685, 702, 737, 758, 844, 885, 894, 938, 939, 966, 989, 1020, 1081, 1093, 1152, 1167, 1169, 1233, 1258, 1279, 1284, 1314, 1400, 1482, 1519, 1534, 1613, 1704, 1741, 1751, 1785, 1792, 1802, 1827, 1862, 2047, 2052, 2089, 2123, 2198, 2212, 2246, 2346, 2383, 2389, 2405, 2409, 2420, 2461, 2485, 2529, 2538, 2561, 2588, 2612, 2624, 2626, 2653, 2677, 2690, 2692, 2702, 2728, 2733, 2735, 2741, 2753, 2763, 2800, 2816, 2845, 2883, 2932, 2956, 2980, 3107, 3182, 3257, 3258, 3337, 3389, 3407, 3424, 3663, 3743, 3772, 3950, 4062, 4093, 4203, 4246, 4285, 4358, 4379, 4439, 4444, 4535}, 62585.0)